010-1111-1111 공부 2022.01.17 80 121 111 54 58 50 87 57 0
010-1111-1111 운동 2022.02.17 35 67 88 62 29 7 121 38 24 0
010-1111-1111 우울할때 2023.01.31 88 29 49 35 18 80 62 106 0
010-1111-1111 K-POP 2022.01.17 32 42 1 18 77 64 15 122 125 0
010-1111-1111 비오는날 2022.02.17 25 99 75 69 76 83 112 7 116 0
010-1111-1111 새로움 2023.01.31 57 22 43 77 7 126 52 64 27 0
010-1111-2222 케이팝 2023.04.01 30 42 100 23 122 107 102 70 81 0
010-1111-2222 칠링 2023.06.09 1 118 126 45 28 82 56 21 6 0
010-1111-2222 여행 2023.04.01 89 54 11 93 40 6 60 103 77 0
010-1111-2222 행복한기분 2023.06.09 25 79 119 42 2 26 48 41 55 0
010-1111-2222 에너지 2023.04.01 58 67 66 9 104 74 82 107 30 0
010-1111-2222 휴식 2023.06.09 92 97 123 74 16 21 113 58 0
010-1111-3333 잠잘때 2023.04.08 61 80 8 103 114 124 49 28 0
010-1111-3333 좋은음악 2023.04.08 32 45 85 115 3 105 116 74 42 0
010-1111-3333 피아노 2023.04.08 63 9 116 97 45 4 5 2 121 0
010-1111-3333 연습 2023.04.08 47 10 82 70 71 44 92 61 49 0
010-1111-4444 잠잘때 2023.06.29 118 67 5 83 14 29 48 95 53 0
010-1111-4444 가창 2023.06.29 116 113 6 70 124 65 16 0
010-1111-4444 파티 2023.06.29 15 34 92 80 73 17 25 63 89 0
010-1111-6666 슬픔 2023.10.11 22 26 16 106 44 18 128 93 108 0
010-1111-6666 중국 2023.10.11 19 124 68 116 114 14 86 7 70 0
010-1111-6666 일본 2023.10.11 41 84 28 100 9 102 80 26 0
010-1111-7777 2세대 2023.10.03 99 95 104 102 23 19 66 89 122 0
010-1111-7777 남돌 2023.10.03 113 20 126 119 97 61 33 9 84 0
010-1111-7777 르세라핌 2023.10.03 89 60 49 43 76 50 31 61 55 0
010-1111-7777 뉴진스 2023.10.03 63 23 45 123 105 3 91 51 0
010-1111-7777 한국 2023.10.03 109 45 73 1 42 61 41 68 0
010-1111-8888 가요 2023.11.01 56 121 72 76 65 37 51 83 0
010-1111-8888 게임 2023.11.01 21 90 44 6 45 63 97 15 98 0
010-1111-9999 탁구 2023.11.16 79 111 126 102 55 33 97 0
010-1111-9999 축구 2023.11.16 92 115 65 112 5 122 30 48 28 0
010-1111-9999 넷플릭스 2023.11.16 3 5 64 37 108 30 119 59 83 0
010-1111-0000 로맨스 2023.11.17 42 84 50 96 20 67 125 98 36 0
010-1111-0000 칠링 2023.11.17 115 64 75 52 27 23 80 9 18 0
010-1111-0000 여행할때 2023.11.17 45 62 117 98 102 2 58 56 42 0